{
  "metadata": {
    "software": "LPT_Calibration — 4-camera refractive calibration",
    "date": "13-Mar-2026 11:09:55",
    "n_air": 1,
    "n_glass": 1.52,
    "n_water": 1.333,
    "wand_length_m": 0.1,
    "image_size": [
      1280,
      1024
    ]
  },
  "cameras": [
    {
      "id": 1,
      "K": [
        [
          816.86951261896058,
          0,
          634.76785968313561
        ],
        [
          0,
          811.8890421358858,
          501.62042018266089
        ],
        [
          0,
          0,
          1
        ]
      ],
      "R": [
        [
          0.024263471827068228,
          0.99956347207736163,
          -0.016856726359135155
        ],
        [
          0.24311856310678875,
          -0.022255278129316269,
          -0.96974123706702153
        ],
        [
          -0.96969306907278008,
          0.019431106094004558,
          -0.243552425379375
        ]
      ],
      "t": [
        -8.71717233509125E-6,
        -0.000142286973031577,
        0.36292164630879
      ],
      "distCoeffs": [
        0.05917388589145936,
        -0.028233983713824521,
        0.0085517993567748828,
        -0.003914999597719405,
        0.02844389637000503
      ],
      "wall_normal": [
        1,
        0,
        0
      ],
      "wall_point": [
        0.05,
        0,
        0
      ],
      "wall_thickness": 0.01,
      "reproj_rms_px": 1.2945597430528504,
      "C_world": [
        0.35195740915541412,
        -0.0070464222823499317,
        0.088252318692946655
      ]
    },
    {
      "id": 2,
      "K": [
        [
          765.95470598663769,
          0,
          639.40449389540936
        ],
        [
          0,
          766.02555261862585,
          506.71191188431726
        ],
        [
          0,
          0,
          1
        ]
      ],
      "R": [
        [
          -0.15186814078909039,
          0.98827408002543682,
          -0.015824366121321265
        ],
        [
          -0.11639872712402993,
          -0.033781080047657674,
          -0.99262791364877478
        ],
        [
          -0.98152300234745926,
          -0.14890661966712676,
          0.12016411478531785
        ]
      ],
      "t": [
        0.01262798014993799,
        -0.01974331138897235,
        0.35824189381607613
      ],
      "distCoeffs": [
        0.053059509150689875,
        -0.034090578457905141,
        -0.011818548228848251,
        -0.00084902829463086478,
        0.0093521314410878
      ],
      "wall_normal": [
        1,
        0,
        0
      ],
      "wall_point": [
        0.05,
        0,
        0
      ],
      "wall_thickness": 0.01,
      "reproj_rms_px": 1.7124294523889205,
      "C_world": [
        0.35124235073739762,
        0.040197733583605511,
        -0.062445752260712944
      ]
    },
    {
      "id": 3,
      "K": [
        [
          813.69023959688514,
          0,
          644.03977280549418
        ],
        [
          0,
          803.02290179979536,
          504.33200472521077
        ],
        [
          0,
          0,
          1
        ]
      ],
      "R": [
        [
          -0.022682797797004661,
          -0.9996078806058154,
          0.016418761063179133
        ],
        [
          -0.13683962193684407,
          -0.01316413353440582,
          -0.99050574125366353
        ],
        [
          0.99033348350557215,
          -0.024714178502185602,
          -0.13648736508805631
        ]
      ],
      "t": [
        -0.016267686031478362,
        -0.0082282373902250929,
        0.35055922192292188
      ],
      "distCoeffs": [
        0.0467368314813362,
        -0.0052130437039582637,
        0.016390760520725196,
        0.010270108959050972,
        0.0084041277411234447
      ],
      "wall_normal": [
        -1,
        0,
        0
      ],
      "wall_point": [
        -0.05,
        0,
        0
      ],
      "wall_thickness": 0.01,
      "reproj_rms_px": 1.2857099924160642,
      "C_world": [
        -0.34866548094849237,
        -0.0077058415858542381,
        0.039963883382164438
      ]
    },
    {
      "id": 4,
      "K": [
        [
          734.26661781385292,
          0,
          631.19939659005547
        ],
        [
          0,
          734.15763348412543,
          520.86912378285751
        ],
        [
          0,
          0,
          1
        ]
      ],
      "R": [
        [
          -0.99974269512802172,
          -4.4451865505918818E-5,
          -0.022683508595252918
        ],
        [
          -0.00054305545041467992,
          -0.9996645627606392,
          0.025893378523431827
        ],
        [
          -0.022677050710730329,
          0.02589903443396295,
          0.99940732005846955
        ]
      ],
      "t": [
        -0.007893582292930074,
        -0.0045173712472411972,
        0.3641215127623047
      ],
      "distCoeffs": [
        0.045358617390653534,
        -0.02335430808618752,
        -0.0043013811821816308,
        0.0024090932987056481,
        0.011550539091372485
      ],
      "wall_normal": [
        0,
        0,
        -1
      ],
      "wall_point": [
        0,
        0,
        -0.05
      ],
      "wall_thickness": 0.01,
      "reproj_rms_px": 1.1260941958600341,
      "C_world": [
        0.00036319759095252216,
        -0.013946602434336909,
        -0.36396778938356411
      ]
    }
  ]
}