# Camera 4 calibration parameters
# Generated by LPT_Calibration on 13-Mar-2026 11:09:56

## Intrinsics
fx:   734.26661781
fy:   734.15763348
cx:   631.19939659
cy:   520.86912378
skew: 0.00000000

## Distortion [k1 k2 p1 p2 k3]
k1: 0.0453586174
k2: -0.0233543081
p1: -0.0043013812
p2: 0.0024090933
k3: 0.0115505391

## Rotation matrix (world-to-camera)
R: -0.9997426951  -0.0005430555  -0.0226770507  -0.0000444519  -0.9996645628  0.0258990344  -0.0226835086  0.0258933785  0.9994073201  

## Translation vector (world-to-camera) [m]
t: -0.0078935823  -0.0045173712  0.3641215128

## Camera centre in world coords [m]
C: 0.0003631976  -0.0139466024  -0.3639677894

## Refractive interface
wall_normal:    0.00000000  0.00000000  -1.00000000
wall_point:     0.00000000  0.00000000  -0.05000000
wall_thickness: 0.01000000
n_air:          1.000000
n_glass:        1.520000
n_water:        1.333000

## Quality
reproj_rms_px: 1.126094
