# Camera 1 calibration parameters
# Generated by LPT_Calibration on 13-Mar-2026 11:09:56

## Intrinsics
fx:   816.86951262
fy:   811.88904214
cx:   634.76785968
cy:   501.62042018
skew: 0.00000000

## Distortion [k1 k2 p1 p2 k3]
k1: 0.0591738859
k2: -0.0282339837
p1: 0.0085517994
p2: -0.0039149996
k3: 0.0284438964

## Rotation matrix (world-to-camera)
R: 0.0242634718  0.2431185631  -0.9696930691  0.9995634721  -0.0222552781  0.0194311061  -0.0168567264  -0.9697412371  -0.2435524254  

## Translation vector (world-to-camera) [m]
t: -0.0000087172  -0.0001422870  0.3629216463

## Camera centre in world coords [m]
C: 0.3519574092  -0.0070464223  0.0882523187

## Refractive interface
wall_normal:    1.00000000  0.00000000  0.00000000
wall_point:     0.05000000  0.00000000  0.00000000
wall_thickness: 0.01000000
n_air:          1.000000
n_glass:        1.520000
n_water:        1.333000

## Quality
reproj_rms_px: 1.294560
