# Camera 3 calibration parameters
# Generated by LPT_Calibration on 13-Mar-2026 11:09:56

## Intrinsics
fx:   813.69023960
fy:   803.02290180
cx:   644.03977281
cy:   504.33200473
skew: 0.00000000

## Distortion [k1 k2 p1 p2 k3]
k1: 0.0467368315
k2: -0.0052130437
p1: 0.0163907605
p2: 0.0102701090
k3: 0.0084041277

## Rotation matrix (world-to-camera)
R: -0.0226827978  -0.1368396219  0.9903334835  -0.9996078806  -0.0131641335  -0.0247141785  0.0164187611  -0.9905057413  -0.1364873651  

## Translation vector (world-to-camera) [m]
t: -0.0162676860  -0.0082282374  0.3505592219

## Camera centre in world coords [m]
C: -0.3486654809  -0.0077058416  0.0399638834

## Refractive interface
wall_normal:    -1.00000000  0.00000000  0.00000000
wall_point:     -0.05000000  0.00000000  0.00000000
wall_thickness: 0.01000000
n_air:          1.000000
n_glass:        1.520000
n_water:        1.333000

## Quality
reproj_rms_px: 1.285710
