# Camera 2 calibration parameters
# Generated by LPT_Calibration on 13-Mar-2026 11:09:56

## Intrinsics
fx:   765.95470599
fy:   766.02555262
cx:   639.40449390
cy:   506.71191188
skew: 0.00000000

## Distortion [k1 k2 p1 p2 k3]
k1: 0.0530595092
k2: -0.0340905785
p1: -0.0118185482
p2: -0.0008490283
k3: 0.0093521314

## Rotation matrix (world-to-camera)
R: -0.1518681408  -0.1163987271  -0.9815230023  0.9882740800  -0.0337810800  -0.1489066197  -0.0158243661  -0.9926279136  0.1201641148  

## Translation vector (world-to-camera) [m]
t: 0.0126279801  -0.0197433114  0.3582418938

## Camera centre in world coords [m]
C: 0.3512423507  0.0401977336  -0.0624457523

## Refractive interface
wall_normal:    1.00000000  0.00000000  0.00000000
wall_point:     0.05000000  0.00000000  0.00000000
wall_thickness: 0.01000000
n_air:          1.000000
n_glass:        1.520000
n_water:        1.333000

## Quality
reproj_rms_px: 1.712429
